00110111
00110111
00110111
00110111
00110111
00110111
00110111
00110111
00110111
00110111
00110111
00110111
00110111
00110111
00110111
00110111
00110111
00110111
00110111
00110111
00110111
00110111
00110111
00110111
00110111
00110111
00110111
00110111
00110111
00110111
00110111
00110111
00110111
00110111
00110111
00110111
00110111
00110111
00110111
00110111
00110111
00110111
00110111
00110111
00110111
00110111
00110111
00110111
00110111
00110111
00110111
00110111
00110111
00110111
00110111
00110111
00110111
00110111
00110111
00110111
