364
3612
1687
993
4561
3981
2695
1681
3829
4349
325
565
1493
3629
4373
1435
4393
4107
685
1615
4466
1627
4054
505
98
1457
4270
767
2499
1965
1423
245
2649
2655
2203
4061
4535
2318
4601
4634
856
52
1200
478
1607
1062
3559
2600
86
3097
4197
3113
3699
3227
4596
2986
150
1261
3051
1924
3169
1543
3649
4225
298
3716
1775
2591
76
3496
4281
3323
4981
4157
4939
235
4351
55
4605
1330
4488
797
3700
271
956
177
2782
1727
813
3959
4642
4668
1987
4175
3058
3734
536
190
1045
3604
3774
2904
3843
2810
2420
4949
3607
1439
1923
4848
280
2052
571
1277
2296
1512
1304
3842
3029
170
2663
2064
900
1076
3165
3687
4461
2294
1502
2483
840
4128
1068
4789
4216
4904
805
251
860
26
522
1856
3890
3041
892
3350
1528
4125
1364
3988
4244
3748
3016
2477
3917
3036
880
3816
3288
1872
2736
3771
2424
284
4692
750
322
633
3813
3170
4530
4168
1704
1980
1125
3127
2626
717
295
2048
3458
318
1241
4598
4701
1161
1344
230
4233
1461
2248
2102
403
3723
794
4162
4897
1637
2799
4192
